	DetectionMethodsRoutineUse							
	DM	DM, CBE5	MM, CBE, U	MM, CBE, U, BSE	MM, DM	MM, DM, CBE	MM, DM, CBE3	Total
	No.	No.	No.	No.	No.	No.	No.	No.
ProgramType1								
N	3.0	1.0	0.0	0.0	6.0	1.0	0.0	11.0
NS	1.0	0.0	1.0	0.0	4.0	1.0	1.0	8.0
O	0.0	0.0	0.0	1.0	0.0	1.0	0.0	2.0
S	3.0	0.0	0.0	0.0	1.0	0.0	0.0	4.0
Total	7.0	1.0	1.0	1.0	11.0	3.0	1.0	25.0

YearProgramBegan								
1977	0.0	0.0	0.0	0.0	0.0	1.0	0.0	1.0
1986	0.0	0.0	0.0	0.0	1.0	0.0	0.0	1.0
1987	1.0	1.0	0.0	0.0	0.0	0.0	0.0	2.0
1988	0.0	0.0	0.0	0.0	1.0	0.0	1.0	2.0
1989	0.0	0.0	0.0	0.0	1.0	1.0	0.0	2.0
1990	2.0	0.0	0.0	1.0	0.0	0.0	0.0	3.0
1991	1.0	0.0	0.0	0.0	1.0	0.0	0.0	2.0
1992	1.0	0.0	0.0	0.0	0.0	0.0	0.0	1.0
1995	0.0	0.0	0.0	0.0	1.0	1.0	0.0	2.0
1996	1.0	0.0	0.0	0.0	0.0	0.0	0.0	1.0
1997	1.0	0.0	0.0	0.0	1.0	0.0	0.0	2.0
1998	0.0	0.0	0.0	0.0	1.0	0.0	0.0	1.0
1999	0.0	0.0	0.0	0.0	2.0	0.0	0.0	2.0
2002	0.0	0.0	0.0	0.0	1.0	0.0	0.0	1.0
2006	0.0	0.0	0.0	0.0	1.0	0.0	0.0	1.0
2009	0.0	0.0	1.0	0.0	0.0	0.0	0.0	1.0
Total	7.0	1.0	1.0	1.0	11.0	3.0	1.0	25.0

Year100pct						
1989	0.0	1.0	0.0	0.0	0.0	1.0
1992	1.0	0.0	0.0	0.0	0.0	1.0
1995	0.0	0.0	0.0	1.0	0.0	1.0
1996	0.0	0.0	0.0	1.0	0.0	1.0
1997	0.0	0.0	0.0	1.0	0.0	1.0
1999	0.0	0.0	0.0	1.0	0.0	1.0
2002	0.0	0.0	0.0	1.0	0.0	1.0
2003	0.0	0.0	0.0	1.0	0.0	1.0
2004	1.0	0.0	0.0	0.0	1.0	2.0
2005	0.0	0.0	0.0	1.0	0.0	1.0
2007	0.0	0.0	0.0	1.0	0.0	1.0
2010	1.0	0.0	0.0	0.0	0.0	1.0
2016	0.0	0.0	1.0	0.0	0.0	1.0
Total	3.0	1.0	1.0	8.0	1.0	14.0

